CMDLINE python main.py
MEM 0.894531 1760682157.7757
MEM 21.230469 1760682157.9046
MEM 37.113281 1760682158.0432
MEM 49.722656 1760682158.1823
MEM 57.324219 1760682158.3071
MEM 62.152344 1760682158.4322
MEM 67.023438 1760682158.5561
MEM 69.929688 1760682158.6831
MEM 167.703125 1760682158.8096
CHLD 40864 48.726562 1760682158.8259
CHLD 40865 48.726562 1760682158.8261
MEM 168.167969 1760682158.9423
CHLD 40864 48.960938 1760682158.9550
CHLD 40865 48.957031 1760682158.9551
MEM 168.171875 1760682159.0690
CHLD 40864 48.960938 1760682159.0808
CHLD 40865 48.960938 1760682159.0808
MEM 168.171875 1760682159.1986
CHLD 40864 48.960938 1760682159.2111
CHLD 40865 48.960938 1760682159.2111
MEM 168.171875 1760682159.3232
CHLD 40864 48.960938 1760682159.3343
CHLD 40865 48.960938 1760682159.3344
MEM 168.179688 1760682159.4455
CHLD 40864 48.964844 1760682159.4565
CHLD 40865 48.964844 1760682159.4565
MEM 168.179688 1760682159.5698
CHLD 40864 48.964844 1760682159.5832
CHLD 40865 48.964844 1760682159.5833
MEM 168.179688 1760682159.6946
CHLD 40864 48.964844 1760682159.7052
CHLD 40865 48.964844 1760682159.7053
MEM 168.179688 1760682159.8183
CHLD 40864 48.964844 1760682159.8291
CHLD 40865 48.964844 1760682159.8292
MEM 168.179688 1760682159.9410
CHLD 40864 48.964844 1760682159.9521
CHLD 40865 48.964844 1760682159.9521
MEM 168.234375 1760682160.0674
CHLD 40864 48.992188 1760682160.0808
CHLD 40865 48.992188 1760682160.0809
MEM 168.234375 1760682160.1982
CHLD 40864 48.992188 1760682160.2139
CHLD 40865 48.992188 1760682160.2140
MEM 168.234375 1760682160.3250
CHLD 40864 48.992188 1760682160.3361
CHLD 40865 48.992188 1760682160.3361
MEM 168.234375 1760682160.4482
CHLD 40864 48.992188 1760682160.4595
CHLD 40865 48.992188 1760682160.4596
MEM 168.234375 1760682160.5738
CHLD 40864 48.992188 1760682160.5882
CHLD 40865 48.992188 1760682160.5882
MEM 168.234375 1760682160.7028
CHLD 40864 48.992188 1760682160.7184
CHLD 40865 48.992188 1760682160.7185
MEM 168.234375 1760682160.8344
CHLD 40864 48.992188 1760682160.8482
CHLD 40865 48.992188 1760682160.8483
MEM 168.234375 1760682160.9609
CHLD 40864 48.992188 1760682160.9731
CHLD 40865 48.992188 1760682160.9732
MEM 168.265625 1760682161.0891
CHLD 40864 49.007812 1760682161.1050
CHLD 40865 49.007812 1760682161.1051
MEM 168.265625 1760682161.2202
CHLD 40864 49.007812 1760682161.2337
CHLD 40865 49.007812 1760682161.2338
MEM 168.265625 1760682161.3492
CHLD 40864 49.007812 1760682161.3650
CHLD 40865 49.007812 1760682161.3650
MEM 168.296875 1760682161.4822
CHLD 40864 49.023438 1760682161.4983
CHLD 40865 49.023438 1760682161.4983
MEM 168.296875 1760682161.6139
CHLD 40864 49.023438 1760682161.6296
CHLD 40865 49.023438 1760682161.6296
MEM 168.296875 1760682161.7431
CHLD 40864 49.023438 1760682161.7562
CHLD 40865 49.023438 1760682161.7563
MEM 168.296875 1760682161.8796
CHLD 40864 49.023438 1760682161.8999
CHLD 40865 49.023438 1760682161.9000
MEM 168.296875 1760682162.0216
CHLD 40864 49.023438 1760682162.0419
CHLD 40865 49.023438 1760682162.0419
MEM 168.296875 1760682162.1569
CHLD 40864 49.023438 1760682162.1755
CHLD 40865 49.023438 1760682162.1758
MEM 168.296875 1760682162.2906
CHLD 40864 49.023438 1760682162.3054
CHLD 40865 49.023438 1760682162.3055
MEM 168.296875 1760682162.4277
CHLD 40864 49.023438 1760682162.4504
CHLD 40865 49.023438 1760682162.4504
MEM 168.296875 1760682162.5625
CHLD 40864 49.023438 1760682162.5744
CHLD 40865 49.023438 1760682162.5744
MEM 168.296875 1760682162.6870
CHLD 40864 49.023438 1760682162.6990
CHLD 40865 49.023438 1760682162.6991
MEM 168.296875 1760682162.8120
CHLD 40864 49.023438 1760682162.8238
CHLD 40865 49.023438 1760682162.8238
MEM 168.312500 1760682162.9355
CHLD 40864 49.023438 1760682162.9466
CHLD 40865 49.039062 1760682162.9467
MEM 168.328125 1760682163.0578
CHLD 40864 49.039062 1760682163.0690
CHLD 40865 49.039062 1760682163.0690
MEM 168.328125 1760682163.1819
CHLD 40864 49.039062 1760682163.1928
CHLD 40865 49.039062 1760682163.1929
MEM 168.332031 1760682163.3030
CHLD 40864 49.039062 1760682163.3155
CHLD 40865 0.000000 1760682163.3155
MEM 119.289062 1760682163.4287
CHLD 40864 49.039062 1760682163.4411
CHLD 40865 0.000000 1760682163.4411
MEM 119.289062 1760682163.5575
CHLD 40864 49.039062 1760682163.5697
CHLD 40865 0.000000 1760682163.5698
MEM 119.289062 1760682163.6828
CHLD 40864 49.039062 1760682163.6935
CHLD 40865 0.000000 1760682163.6936
MEM 119.289062 1760682163.8043
CHLD 40864 49.039062 1760682163.8149
CHLD 40865 0.000000 1760682163.8150
MEM 119.289062 1760682163.9256
CHLD 40864 49.039062 1760682163.9366
CHLD 40865 0.000000 1760682163.9366
MEM 119.304688 1760682164.0496
CHLD 40864 49.054688 1760682164.0613
CHLD 40865 0.000000 1760682164.0614
MEM 119.304688 1760682164.1738
CHLD 40864 49.054688 1760682164.1852
CHLD 40865 0.000000 1760682164.1852
MEM 119.304688 1760682164.2989
CHLD 40864 49.054688 1760682164.3106
CHLD 40865 0.000000 1760682164.3107
MEM 119.304688 1760682164.4225
CHLD 40864 49.054688 1760682164.4334
CHLD 40865 0.000000 1760682164.4335
MEM 119.320312 1760682164.5460
CHLD 40864 49.070312 1760682164.5577
CHLD 40865 0.000000 1760682164.5578
MEM 119.320312 1760682164.6708
CHLD 40864 49.070312 1760682164.6829
CHLD 40865 0.000000 1760682164.6830
MEM 119.320312 1760682164.7939
CHLD 40864 49.070312 1760682164.8049
CHLD 40865 0.000000 1760682164.8050
MEM 119.320312 1760682164.9309
CHLD 40864 49.070312 1760682164.9462
CHLD 40865 0.000000 1760682164.9463
MEM 119.320312 1760682165.0576
CHLD 40864 49.070312 1760682165.0685
CHLD 40865 0.000000 1760682165.0686
MEM 119.320312 1760682165.1929
CHLD 40864 49.070312 1760682165.2152
CHLD 40865 0.000000 1760682165.2153
MEM 119.320312 1760682165.3394
CHLD 40864 49.070312 1760682165.3618
CHLD 40865 0.000000 1760682165.3619
MEM 119.320312 1760682165.4745
CHLD 40864 49.070312 1760682165.4850
CHLD 40865 0.000000 1760682165.4850
MEM 119.320312 1760682165.5980
CHLD 40864 49.070312 1760682165.6092
CHLD 40865 0.000000 1760682165.6093
MEM 119.320312 1760682165.7218
CHLD 40864 49.070312 1760682165.7334
CHLD 40865 0.000000 1760682165.7335
MEM 119.320312 1760682165.8456
CHLD 40864 49.070312 1760682165.8578
CHLD 40865 0.000000 1760682165.8578
MEM 119.335938 1760682165.9709
CHLD 40864 49.085938 1760682165.9821
CHLD 40865 0.000000 1760682165.9822
MEM 119.335938 1760682166.0952
CHLD 40864 49.085938 1760682166.1071
CHLD 40865 0.000000 1760682166.1072
MEM 119.335938 1760682166.2198
CHLD 40864 49.085938 1760682166.2309
CHLD 40865 0.000000 1760682166.2310
MEM 119.335938 1760682166.3444
CHLD 40864 49.085938 1760682166.3570
CHLD 40865 0.000000 1760682166.3570
MEM 119.335938 1760682166.4833
CHLD 40864 49.085938 1760682166.4989
CHLD 40865 0.000000 1760682166.4989
MEM 119.335938 1760682166.6172
CHLD 40864 49.085938 1760682166.6312
CHLD 40865 0.000000 1760682166.6313
MEM 119.335938 1760682166.7460
CHLD 40864 49.085938 1760682166.7595
CHLD 40865 0.000000 1760682166.7596
MEM 119.335938 1760682166.8733
CHLD 40864 49.085938 1760682166.8854
CHLD 40865 0.000000 1760682166.8855
MEM 119.339844 1760682167.0008
CHLD 40864 49.101562 1760682167.0217
CHLD 40865 0.000000 1760682167.0218
MEM 119.351562 1760682167.1495
CHLD 40864 49.101562 1760682167.1713
CHLD 40865 0.000000 1760682167.1714
MEM 119.351562 1760682167.2846
CHLD 40864 49.101562 1760682167.2957
CHLD 40865 0.000000 1760682167.2958
MEM 119.355469 1760682167.4148
CHLD 40864 49.117188 1760682167.4272
CHLD 40865 0.000000 1760682167.4272
MEM 119.367188 1760682167.5403
CHLD 40864 49.117188 1760682167.5524
CHLD 40865 0.000000 1760682167.5525
MEM 119.367188 1760682167.6653
CHLD 40864 49.117188 1760682167.6771
CHLD 40865 0.000000 1760682167.6772
MEM 119.367188 1760682167.7898
CHLD 40864 49.117188 1760682167.8024
CHLD 40865 0.000000 1760682167.8025
MEM 119.367188 1760682167.9139
CHLD 40864 49.117188 1760682167.9252
CHLD 40865 0.000000 1760682167.9252
MEM 119.367188 1760682168.0381
CHLD 40864 49.117188 1760682168.0490
CHLD 40865 0.000000 1760682168.0491
MEM 119.367188 1760682168.1626
CHLD 40864 49.117188 1760682168.1751
CHLD 40865 0.000000 1760682168.1751
MEM 119.367188 1760682168.2887
CHLD 40864 49.117188 1760682168.3001
CHLD 40865 0.000000 1760682168.3002
MEM 119.367188 1760682168.4129
CHLD 40864 49.117188 1760682168.4249
CHLD 40865 0.000000 1760682168.4250
MEM 119.367188 1760682168.5391
CHLD 40864 49.117188 1760682168.5512
CHLD 40865 0.000000 1760682168.5512
MEM 119.367188 1760682168.6647
CHLD 40864 49.117188 1760682168.6762
CHLD 40865 0.000000 1760682168.6762
MEM 119.367188 1760682168.7868
CHLD 40864 49.117188 1760682168.7979
CHLD 40865 0.000000 1760682168.7979
MEM 119.371094 1760682168.9101
CHLD 40864 49.132812 1760682168.9248
CHLD 40865 0.000000 1760682168.9250
MEM 119.382812 1760682169.0601
CHLD 40864 49.132812 1760682169.0760
CHLD 40865 0.000000 1760682169.0760
MEM 119.382812 1760682169.1896
CHLD 40864 49.132812 1760682169.2011
CHLD 40865 0.000000 1760682169.2011
MEM 119.382812 1760682169.3245
CHLD 40864 49.132812 1760682169.3455
CHLD 40865 0.000000 1760682169.3456
MEM 119.382812 1760682169.4688
CHLD 40864 49.132812 1760682169.4935
CHLD 40865 0.000000 1760682169.4936
MEM 119.382812 1760682169.6069
CHLD 40864 49.132812 1760682169.6185
CHLD 40865 0.000000 1760682169.6186
MEM 119.382812 1760682169.7438
CHLD 40864 49.132812 1760682169.7659
CHLD 40865 0.000000 1760682169.7660
MEM 119.382812 1760682169.8913
CHLD 40864 49.132812 1760682169.9117
CHLD 40865 0.000000 1760682169.9118
MEM 119.398438 1760682170.0355
CHLD 40864 49.148438 1760682170.0573
CHLD 40865 0.000000 1760682170.0574
MEM 119.398438 1760682170.1802
CHLD 40864 49.148438 1760682170.2023
CHLD 40865 0.000000 1760682170.2024
MEM 119.398438 1760682170.3245
CHLD 40864 49.164062 1760682170.3454
CHLD 40865 0.000000 1760682170.3455
MEM 119.414062 1760682170.4698
CHLD 40864 49.164062 1760682170.4942
CHLD 40865 0.000000 1760682170.4942
MEM 119.414062 1760682170.6051
CHLD 40864 49.164062 1760682170.6157
CHLD 40865 0.000000 1760682170.6158
MEM 119.414062 1760682170.7421
CHLD 40864 49.164062 1760682170.7639
CHLD 40865 0.000000 1760682170.7640
MEM 119.414062 1760682170.8803
CHLD 40864 49.164062 1760682170.8922
CHLD 40865 0.000000 1760682170.8923
MEM 119.414062 1760682171.0169
CHLD 40864 49.164062 1760682171.0376
CHLD 40865 0.000000 1760682171.0377
MEM 119.414062 1760682171.1497
CHLD 40864 49.164062 1760682171.1603
CHLD 40865 0.000000 1760682171.1603
MEM 119.414062 1760682171.2823
CHLD 40864 49.164062 1760682171.3035
CHLD 40865 0.000000 1760682171.3036
MEM 119.414062 1760682171.4265
CHLD 40864 49.164062 1760682171.4487
CHLD 40865 0.000000 1760682171.4488
MEM 119.414062 1760682171.5744
CHLD 40864 49.164062 1760682171.5983
CHLD 40865 0.000000 1760682171.5983
MEM 119.414062 1760682171.7125
CHLD 40864 49.164062 1760682171.7250
CHLD 40865 0.000000 1760682171.7251
MEM 119.417969 1760682171.8411
CHLD 40864 49.179688 1760682171.8570
CHLD 40865 0.000000 1760682171.8571
MEM 119.429688 1760682171.9747
CHLD 40864 49.179688 1760682171.9907
CHLD 40865 0.000000 1760682171.9907
MEM 119.429688 1760682172.1152
CHLD 40864 49.179688 1760682172.1380
CHLD 40865 0.000000 1760682172.1382
MEM 119.429688 1760682172.2546
CHLD 40864 49.179688 1760682172.2685
CHLD 40865 0.000000 1760682172.2685
MEM 119.429688 1760682172.3812
CHLD 40864 49.179688 1760682172.3950
CHLD 40865 0.000000 1760682172.3950
MEM 119.429688 1760682172.5200
CHLD 40864 49.179688 1760682172.5448
CHLD 40865 0.000000 1760682172.5449
MEM 119.429688 1760682172.6585
CHLD 40864 49.179688 1760682172.6717
CHLD 40865 0.000000 1760682172.6718
MEM 119.429688 1760682172.7952
CHLD 40864 49.179688 1760682172.8190
CHLD 40865 0.000000 1760682172.8191
MEM 119.445312 1760682172.9409
CHLD 40864 49.195312 1760682172.9518
CHLD 40865 0.000000 1760682172.9519
MEM 119.445312 1760682173.0732
CHLD 40864 49.195312 1760682173.0931
CHLD 40865 0.000000 1760682173.0932
MEM 119.445312 1760682173.2119
CHLD 40864 49.195312 1760682173.2237
CHLD 40865 0.000000 1760682173.2237
MEM 119.460938 1760682173.3358
CHLD 40864 49.210938 1760682173.3478
CHLD 40865 0.000000 1760682173.3478
MEM 119.460938 1760682173.4607
CHLD 40864 49.210938 1760682173.4724
CHLD 40865 0.000000 1760682173.4724
MEM 119.460938 1760682173.5950
CHLD 40864 49.210938 1760682173.6056
CHLD 40865 0.000000 1760682173.6056
MEM 119.460938 1760682173.7289
CHLD 40864 49.210938 1760682173.7509
CHLD 40865 0.000000 1760682173.7510
MEM 119.460938 1760682173.8737
CHLD 40864 49.210938 1760682173.8965
CHLD 40865 0.000000 1760682173.8966
MEM 119.460938 1760682174.0081
CHLD 40864 49.210938 1760682174.0276
CHLD 40865 0.000000 1760682174.0277
MEM 119.460938 1760682174.1403
CHLD 40864 49.210938 1760682174.1518
CHLD 40865 0.000000 1760682174.1518
MEM 119.460938 1760682174.2637
CHLD 40864 49.210938 1760682174.2742
CHLD 40865 0.000000 1760682174.2743
MEM 119.460938 1760682174.3875
CHLD 40864 49.210938 1760682174.3999
CHLD 40865 0.000000 1760682174.3999
MEM 119.460938 1760682174.5244
CHLD 40864 49.210938 1760682174.5466
CHLD 40865 0.000000 1760682174.5467
MEM 119.460938 1760682174.6705
CHLD 40864 49.226562 1760682174.6928
CHLD 40865 0.000000 1760682174.6929
MEM 119.476562 1760682174.8091
CHLD 40864 49.226562 1760682174.8205
CHLD 40865 0.000000 1760682174.8205
MEM 119.476562 1760682174.9401
CHLD 40864 49.226562 1760682174.9550
CHLD 40865 0.000000 1760682174.9550
MEM 119.476562 1760682175.0754
CHLD 40864 49.226562 1760682175.0916
CHLD 40865 0.000000 1760682175.0916
MEM 119.476562 1760682175.2145
CHLD 40864 49.226562 1760682175.2276
CHLD 40865 0.000000 1760682175.2277
MEM 119.476562 1760682175.3485
CHLD 40864 49.226562 1760682175.3602
CHLD 40865 0.000000 1760682175.3602
MEM 119.476562 1760682175.4731
CHLD 40864 49.226562 1760682175.4836
CHLD 40865 0.000000 1760682175.4836
MEM 119.476562 1760682175.6067
CHLD 40864 49.226562 1760682175.6262
CHLD 40865 0.000000 1760682175.6263
MEM 119.492188 1760682175.7389
CHLD 40864 49.242188 1760682175.7508
CHLD 40865 0.000000 1760682175.7509
MEM 119.492188 1760682175.8662
CHLD 40864 49.242188 1760682175.8801
CHLD 40865 0.000000 1760682175.8801
MEM 119.492188 1760682176.0001
CHLD 40864 49.242188 1760682176.0244
CHLD 40865 0.000000 1760682176.0245
MEM 119.507812 1760682176.1452
CHLD 40864 49.257812 1760682176.1569
CHLD 40865 0.000000 1760682176.1569
MEM 119.507812 1760682176.2695
CHLD 40864 49.257812 1760682176.2813
CHLD 40865 0.000000 1760682176.2813
MEM 119.507812 1760682176.3941
CHLD 40864 49.257812 1760682176.4056
CHLD 40865 0.000000 1760682176.4057
MEM 119.507812 1760682176.5253
CHLD 40864 49.257812 1760682176.5379
CHLD 40865 0.000000 1760682176.5380
MEM 119.507812 1760682176.6516
CHLD 40864 49.257812 1760682176.6644
CHLD 40865 0.000000 1760682176.6644
MEM 119.507812 1760682176.7817
CHLD 40864 49.257812 1760682176.7957
CHLD 40865 0.000000 1760682176.7958
MEM 119.507812 1760682176.9103
CHLD 40864 49.257812 1760682176.9242
CHLD 40865 0.000000 1760682176.9243
MEM 119.507812 1760682177.0368
CHLD 40864 49.257812 1760682177.0481
CHLD 40865 0.000000 1760682177.0482
MEM 119.507812 1760682177.1594
CHLD 40864 49.257812 1760682177.1704
CHLD 40865 0.000000 1760682177.1705
MEM 119.507812 1760682177.2879
CHLD 40864 49.257812 1760682177.3087
CHLD 40865 0.000000 1760682177.3088
MEM 119.507812 1760682177.4247
CHLD 40864 49.257812 1760682177.4360
CHLD 40865 0.000000 1760682177.4361
MEM 119.507812 1760682177.5518
CHLD 40864 49.257812 1760682177.5698
CHLD 40865 0.000000 1760682177.5698
MEM 119.523438 1760682177.6820
CHLD 40864 49.273438 1760682177.6935
CHLD 40865 0.000000 1760682177.6935
MEM 119.523438 1760682177.8118
CHLD 40864 49.273438 1760682177.8244
CHLD 40865 0.000000 1760682177.8245
MEM 119.523438 1760682177.9362
CHLD 40864 49.273438 1760682177.9471
CHLD 40865 0.000000 1760682177.9472
MEM 119.523438 1760682178.0612
CHLD 40864 49.273438 1760682178.0720
CHLD 40865 0.000000 1760682178.0720
MEM 119.523438 1760682178.1851
CHLD 40864 49.273438 1760682178.1968
CHLD 40865 0.000000 1760682178.1969
MEM 119.523438 1760682178.3090
CHLD 40864 49.273438 1760682178.3201
CHLD 40865 0.000000 1760682178.3201
MEM 119.523438 1760682178.4425
CHLD 40864 49.273438 1760682178.4554
CHLD 40865 0.000000 1760682178.4555
MEM 119.523438 1760682178.5683
CHLD 40864 49.273438 1760682178.5926
CHLD 40865 0.000000 1760682178.5927
MEM 119.539062 1760682178.7067
CHLD 40864 49.289062 1760682178.7180
CHLD 40865 0.000000 1760682178.7181
MEM 119.539062 1760682178.8313
CHLD 40864 49.289062 1760682178.8431
CHLD 40865 0.000000 1760682178.8431
MEM 119.539062 1760682178.9562
CHLD 40864 49.289062 1760682178.9679
CHLD 40865 0.000000 1760682178.9679
MEM 119.554688 1760682179.0809
CHLD 40864 49.304688 1760682179.0927
CHLD 40865 0.000000 1760682179.0927
MEM 119.554688 1760682179.2159
CHLD 40864 49.304688 1760682179.2284
CHLD 40865 0.000000 1760682179.2285
MEM 119.554688 1760682179.3540
CHLD 40864 49.304688 1760682179.3790
CHLD 40865 0.000000 1760682179.3791
MEM 119.554688 1760682179.4925
CHLD 40864 49.304688 1760682179.5058
CHLD 40865 0.000000 1760682179.5058
MEM 119.554688 1760682179.6293
CHLD 40864 49.304688 1760682179.6539
CHLD 40865 0.000000 1760682179.6540
MEM 119.554688 1760682179.7665
CHLD 40864 49.304688 1760682179.7763
CHLD 40865 0.000000 1760682179.7763
MEM 119.554688 1760682179.9013
CHLD 40864 49.304688 1760682179.9260
CHLD 40865 0.000000 1760682179.9261
MEM 119.554688 1760682180.0387
CHLD 40864 49.304688 1760682180.0505
CHLD 40865 0.000000 1760682180.0505
MEM 119.554688 1760682180.1755
CHLD 40864 49.304688 1760682180.1985
CHLD 40865 0.000000 1760682180.1985
MEM 119.554688 1760682180.3104
CHLD 40864 49.304688 1760682180.3215
CHLD 40865 0.000000 1760682180.3215
MEM 119.554688 1760682180.4424
CHLD 40864 49.308594 1760682180.4655
CHLD 40865 0.000000 1760682180.4656
MEM 119.570312 1760682180.5786
CHLD 40864 49.320312 1760682180.5908
CHLD 40865 0.000000 1760682180.5909
MEM 119.570312 1760682180.7028
CHLD 40864 49.320312 1760682180.7138
CHLD 40865 0.000000 1760682180.7138
MEM 119.570312 1760682180.8258
CHLD 40864 49.320312 1760682180.8367
CHLD 40865 0.000000 1760682180.8367
MEM 119.570312 1760682180.9603
CHLD 40864 49.320312 1760682180.9825
CHLD 40865 0.000000 1760682180.9826
MEM 119.593750 1760682181.0948
CHLD 40864 49.343750 1760682181.1073
CHLD 40865 0.000000 1760682181.1073
MEM 119.593750 1760682181.2201
CHLD 40864 49.343750 1760682181.2327
CHLD 40865 0.000000 1760682181.2328
MEM 119.593750 1760682181.3450
CHLD 40864 49.343750 1760682181.3574
CHLD 40865 0.000000 1760682181.3575
MEM 119.593750 1760682181.4695
CHLD 40864 49.343750 1760682181.4818
CHLD 40865 0.000000 1760682181.4818
MEM 119.609375 1760682181.6062
CHLD 40864 49.359375 1760682181.6306
CHLD 40865 0.000000 1760682181.6306
MEM 119.609375 1760682181.7457
CHLD 40864 49.359375 1760682181.7592
CHLD 40865 0.000000 1760682181.7593
MEM 119.609375 1760682181.8745
CHLD 40864 49.359375 1760682181.8887
CHLD 40865 0.000000 1760682181.8887
MEM 119.625000 1760682182.0025
CHLD 40864 49.375000 1760682182.0130
CHLD 40865 0.000000 1760682182.0131
MEM 119.625000 1760682182.1259
CHLD 40864 49.375000 1760682182.1382
CHLD 40865 0.000000 1760682182.1383
MEM 119.625000 1760682182.2506
CHLD 40864 49.375000 1760682182.2631
CHLD 40865 0.000000 1760682182.2632
MEM 119.625000 1760682182.3749
CHLD 40864 49.375000 1760682182.3862
CHLD 40865 0.000000 1760682182.3863
MEM 119.625000 1760682182.4998
CHLD 40864 49.375000 1760682182.5101
CHLD 40865 0.000000 1760682182.5101
MEM 119.625000 1760682182.6228
CHLD 40864 49.375000 1760682182.6362
CHLD 40865 0.000000 1760682182.6363
MEM 119.625000 1760682182.7484
CHLD 40864 49.375000 1760682182.7591
CHLD 40865 0.000000 1760682182.7592
MEM 119.625000 1760682182.8729
CHLD 40864 49.375000 1760682182.8849
CHLD 40865 0.000000 1760682182.8850
MEM 119.625000 1760682182.9987
CHLD 40864 49.375000 1760682183.0100
CHLD 40865 0.000000 1760682183.0101
MEM 119.625000 1760682183.1219
CHLD 40864 49.375000 1760682183.1346
CHLD 40865 0.000000 1760682183.1347
MEM 119.625000 1760682183.2466
CHLD 40864 49.375000 1760682183.2592
CHLD 40865 0.000000 1760682183.2592
MEM 119.625000 1760682183.3718
CHLD 40864 49.375000 1760682183.3830
CHLD 40865 0.000000 1760682183.3830
MEM 119.640625 1760682183.4960
CHLD 40864 49.390625 1760682183.5082
CHLD 40865 0.000000 1760682183.5083
MEM 119.640625 1760682183.6210
CHLD 40864 49.390625 1760682183.6342
CHLD 40865 0.000000 1760682183.6343
MEM 119.640625 1760682183.7586
CHLD 40864 49.390625 1760682183.7737
CHLD 40865 0.000000 1760682183.7738
MEM 119.640625 1760682183.8928
CHLD 40864 49.390625 1760682183.9121
CHLD 40865 0.000000 1760682183.9122
MEM 119.640625 1760682184.0266
CHLD 40864 49.402344 1760682184.0376
CHLD 40865 0.000000 1760682184.0377
MEM 119.652344 1760682184.1626
CHLD 40864 49.402344 1760682184.1785
CHLD 40865 0.000000 1760682184.1786
MEM 119.652344 1760682184.2910
CHLD 40864 49.402344 1760682184.3016
CHLD 40865 0.000000 1760682184.3016
MEM 119.652344 1760682184.4136
CHLD 40864 49.402344 1760682184.4250
CHLD 40865 0.000000 1760682184.4251
MEM 119.667969 1760682184.5400
CHLD 40864 49.417969 1760682184.5512
CHLD 40865 0.000000 1760682184.5512
MEM 119.667969 1760682184.6616
CHLD 40864 49.417969 1760682184.6723
CHLD 40865 0.000000 1760682184.6724
MEM 119.667969 1760682184.7852
CHLD 40864 49.417969 1760682184.7967
CHLD 40865 0.000000 1760682184.7968
MEM 119.667969 1760682184.9086
CHLD 40864 49.417969 1760682184.9196
CHLD 40865 0.000000 1760682184.9196
MEM 119.683594 1760682185.0426
CHLD 40864 49.433594 1760682185.0545
CHLD 40865 0.000000 1760682185.0545
MEM 119.683594 1760682185.1755
CHLD 40864 49.433594 1760682185.1857
CHLD 40865 0.000000 1760682185.1858
MEM 119.683594 1760682185.2982
CHLD 40864 49.433594 1760682185.3092
CHLD 40865 0.000000 1760682185.3092
MEM 119.683594 1760682185.4219
CHLD 40864 49.433594 1760682185.4329
CHLD 40865 0.000000 1760682185.4329
MEM 119.683594 1760682185.5466
CHLD 40864 49.433594 1760682185.5595
CHLD 40865 0.000000 1760682185.5595
MEM 119.683594 1760682185.6799
CHLD 40864 49.433594 1760682185.6941
CHLD 40865 0.000000 1760682185.6942
MEM 119.683594 1760682185.8083
CHLD 40864 49.433594 1760682185.8232
CHLD 40865 0.000000 1760682185.8234
MEM 119.683594 1760682185.9362
CHLD 40864 49.433594 1760682185.9479
CHLD 40865 0.000000 1760682185.9479
MEM 119.683594 1760682186.0620
CHLD 40864 49.433594 1760682186.0732
CHLD 40865 0.000000 1760682186.0732
MEM 119.683594 1760682186.1882
CHLD 40864 49.433594 1760682186.2008
CHLD 40865 0.000000 1760682186.2008
MEM 119.683594 1760682186.3138
CHLD 40864 49.433594 1760682186.3250
CHLD 40865 0.000000 1760682186.3250
MEM 119.699219 1760682186.4389
CHLD 40864 49.449219 1760682186.4512
CHLD 40865 0.000000 1760682186.4512
MEM 119.699219 1760682186.5663
CHLD 40864 49.449219 1760682186.5817
CHLD 40865 0.000000 1760682186.5818
MEM 119.699219 1760682186.6973
CHLD 40864 49.449219 1760682186.7118
CHLD 40865 0.000000 1760682186.7119
MEM 119.699219 1760682186.8269
CHLD 40864 49.449219 1760682186.8406
CHLD 40865 0.000000 1760682186.8406
MEM 119.699219 1760682186.9577
CHLD 40864 49.449219 1760682186.9686
CHLD 40865 0.000000 1760682186.9686
MEM 119.699219 1760682187.0814
CHLD 40864 49.449219 1760682187.0921
CHLD 40865 0.000000 1760682187.0922
MEM 119.699219 1760682187.2062
CHLD 40864 49.449219 1760682187.2181
CHLD 40865 0.000000 1760682187.2181
MEM 119.699219 1760682187.3298
CHLD 40864 49.449219 1760682187.3408
CHLD 40865 0.000000 1760682187.3409
MEM 119.699219 1760682187.4527
CHLD 40864 49.449219 1760682187.4636
CHLD 40865 0.000000 1760682187.4636
MEM 119.714844 1760682187.5775
CHLD 40864 49.464844 1760682187.5916
CHLD 40865 0.000000 1760682187.5916
MEM 119.714844 1760682187.7056
CHLD 40864 49.464844 1760682187.7164
CHLD 40865 0.000000 1760682187.7164
MEM 119.714844 1760682187.8301
CHLD 40864 49.464844 1760682187.8447
CHLD 40865 0.000000 1760682187.8448
MEM 119.730469 1760682187.9604
CHLD 40864 49.480469 1760682187.9744
CHLD 40865 0.000000 1760682187.9745
MEM 119.730469 1760682188.0952
CHLD 40864 49.480469 1760682188.1147
CHLD 40865 0.000000 1760682188.1147
MEM 119.730469 1760682188.2378
CHLD 40864 49.480469 1760682188.2619
CHLD 40865 0.000000 1760682188.2620
MEM 119.730469 1760682188.3735
CHLD 40864 49.480469 1760682188.3849
CHLD 40865 0.000000 1760682188.3849
MEM 119.730469 1760682188.4973
CHLD 40864 49.480469 1760682188.5086
CHLD 40865 0.000000 1760682188.5086
MEM 119.730469 1760682188.6209
CHLD 40864 49.480469 1760682188.6325
CHLD 40865 0.000000 1760682188.6325
MEM 119.730469 1760682188.7440
CHLD 40864 49.480469 1760682188.7554
CHLD 40865 0.000000 1760682188.7555
MEM 119.730469 1760682188.8668
CHLD 40864 49.480469 1760682188.8778
CHLD 40865 0.000000 1760682188.8778
MEM 119.730469 1760682188.9992
CHLD 40864 49.480469 1760682189.0242
CHLD 40865 0.000000 1760682189.0242
MEM 119.730469 1760682189.1438
CHLD 40864 49.480469 1760682189.1644
CHLD 40865 0.000000 1760682189.1645
MEM 119.730469 1760682189.2832
CHLD 40864 49.484375 1760682189.2965
CHLD 40865 0.000000 1760682189.2965
MEM 119.746094 1760682189.4103
CHLD 40864 49.496094 1760682189.4230
CHLD 40865 0.000000 1760682189.4231
MEM 119.746094 1760682189.5363
CHLD 40864 49.496094 1760682189.5485
CHLD 40865 0.000000 1760682189.5486
MEM 119.746094 1760682189.6598
CHLD 40864 49.496094 1760682189.6712
CHLD 40865 0.000000 1760682189.6712
MEM 119.746094 1760682189.7846
CHLD 40864 49.496094 1760682189.7973
CHLD 40865 0.000000 1760682189.7974
MEM 119.746094 1760682189.9117
CHLD 40864 49.496094 1760682189.9252
CHLD 40865 0.000000 1760682189.9253
MEM 119.746094 1760682190.0381
CHLD 40864 49.496094 1760682190.0502
CHLD 40865 0.000000 1760682190.0502
MEM 119.746094 1760682190.1627
CHLD 40864 49.496094 1760682190.1744
CHLD 40865 0.000000 1760682190.1745
MEM 119.746094 1760682190.2869
CHLD 40864 49.496094 1760682190.2985
CHLD 40865 0.000000 1760682190.2986
MEM 119.746094 1760682190.4113
CHLD 40864 49.496094 1760682190.4234
CHLD 40865 0.000000 1760682190.4235
MEM 119.761719 1760682190.5350
CHLD 40864 49.511719 1760682190.5461
CHLD 40865 0.000000 1760682190.5461
MEM 119.761719 1760682190.6578
CHLD 40864 49.511719 1760682190.6692
CHLD 40865 0.000000 1760682190.6693
MEM 119.769531 1760682190.7828
CHLD 40864 49.527344 1760682190.7945
CHLD 40865 0.000000 1760682190.7945
MEM 119.777344 1760682190.9078
CHLD 40864 49.527344 1760682190.9201
CHLD 40865 0.000000 1760682190.9201
MEM 119.777344 1760682191.0331
CHLD 40864 49.527344 1760682191.0454
CHLD 40865 0.000000 1760682191.0454
MEM 119.777344 1760682191.1606
CHLD 40864 49.527344 1760682191.1725
CHLD 40865 0.000000 1760682191.1726
MEM 119.777344 1760682191.2852
CHLD 40864 49.527344 1760682191.2971
CHLD 40865 0.000000 1760682191.2972
MEM 119.777344 1760682191.4087
CHLD 40864 49.527344 1760682191.4200
CHLD 40865 0.000000 1760682191.4200
MEM 119.777344 1760682191.5341
CHLD 40864 49.527344 1760682191.5479
CHLD 40865 0.000000 1760682191.5479
MEM 119.777344 1760682191.6645
CHLD 40864 49.527344 1760682191.6781
CHLD 40865 0.000000 1760682191.6782
MEM 119.777344 1760682191.7937
CHLD 40864 49.527344 1760682191.8058
CHLD 40865 0.000000 1760682191.8059
MEM 119.777344 1760682191.9330
CHLD 40864 49.527344 1760682191.9570
CHLD 40865 0.000000 1760682191.9571
MEM 119.777344 1760682192.0717
CHLD 40864 49.527344 1760682192.0845
CHLD 40865 0.000000 1760682192.0846
MEM 119.777344 1760682192.2091
CHLD 40864 49.527344 1760682192.2318
CHLD 40865 0.000000 1760682192.2319
MEM 119.777344 1760682192.3445
CHLD 40864 49.531250 1760682192.3558
CHLD 40865 0.000000 1760682192.3559
MEM 119.792969 1760682192.4690
CHLD 40864 49.542969 1760682192.4815
CHLD 40865 0.000000 1760682192.4815
MEM 119.792969 1760682192.6010
CHLD 40864 49.542969 1760682192.6116
CHLD 40865 0.000000 1760682192.6116
MEM 119.792969 1760682192.7352
CHLD 40864 49.542969 1760682192.7597
CHLD 40865 0.000000 1760682192.7598
MEM 119.792969 1760682192.8731
CHLD 40864 49.542969 1760682192.8853
CHLD 40865 0.000000 1760682192.8853
MEM 119.792969 1760682192.9980
CHLD 40864 49.542969 1760682193.0099
CHLD 40865 0.000000 1760682193.0099
MEM 119.792969 1760682193.1224
CHLD 40864 49.542969 1760682193.1344
CHLD 40865 0.000000 1760682193.1345
MEM 119.792969 1760682193.2472
CHLD 40864 49.542969 1760682193.2592
CHLD 40865 0.000000 1760682193.2592
MEM 119.792969 1760682193.3722
CHLD 40864 49.542969 1760682193.3838
CHLD 40865 0.000000 1760682193.3838
MEM 119.808594 1760682193.4965
CHLD 40864 49.558594 1760682193.5081
CHLD 40865 0.000000 1760682193.5082
MEM 119.808594 1760682193.6205
CHLD 40864 49.558594 1760682193.6324
CHLD 40865 0.000000 1760682193.6325
MEM 119.808594 1760682193.7447
CHLD 40864 49.558594 1760682193.7562
CHLD 40865 0.000000 1760682193.7563
MEM 119.824219 1760682193.8801
CHLD 40864 49.574219 1760682193.9028
CHLD 40865 0.000000 1760682193.9029
MEM 119.824219 1760682194.0266
CHLD 40864 49.574219 1760682194.0477
CHLD 40865 0.000000 1760682194.0478
MEM 119.824219 1760682194.1698
CHLD 40864 49.574219 1760682194.1926
CHLD 40865 0.000000 1760682194.1927
MEM 119.824219 1760682194.3051
CHLD 40864 49.574219 1760682194.3164
CHLD 40865 0.000000 1760682194.3165
MEM 119.824219 1760682194.4291
CHLD 40864 49.574219 1760682194.4406
CHLD 40865 0.000000 1760682194.4406
MEM 119.824219 1760682194.5519
CHLD 40864 49.574219 1760682194.5630
CHLD 40865 0.000000 1760682194.5631
MEM 119.824219 1760682194.6748
CHLD 40864 49.574219 1760682194.6858
CHLD 40865 0.000000 1760682194.6859
MEM 119.824219 1760682194.7984
CHLD 40864 49.574219 1760682194.8104
CHLD 40865 0.000000 1760682194.8104
MEM 119.824219 1760682194.9225
CHLD 40864 49.574219 1760682194.9338
CHLD 40865 0.000000 1760682194.9338
MEM 119.824219 1760682195.0577
CHLD 40864 49.574219 1760682195.0809
CHLD 40865 0.000000 1760682195.0810
MEM 119.824219 1760682195.1965
CHLD 40864 49.574219 1760682195.2154
CHLD 40865 0.000000 1760682195.2155
MEM 119.839844 1760682195.3336
CHLD 40864 49.589844 1760682195.3447
CHLD 40865 0.000000 1760682195.3448
MEM 119.839844 1760682195.4565
CHLD 40864 49.589844 1760682195.4677
CHLD 40865 0.000000 1760682195.4678
MEM 119.839844 1760682195.5798
CHLD 40864 49.589844 1760682195.5900
CHLD 40865 0.000000 1760682195.5900
MEM 119.839844 1760682195.7048
CHLD 40864 49.589844 1760682195.7188
CHLD 40865 0.000000 1760682195.7189
MEM 119.839844 1760682195.8434
CHLD 40864 49.589844 1760682195.8689
CHLD 40865 0.000000 1760682195.8689
MEM 119.839844 1760682195.9816
CHLD 40864 49.589844 1760682195.9935
CHLD 40865 0.000000 1760682195.9935
MEM 119.839844 1760682196.1157
CHLD 40864 49.589844 1760682196.1384
CHLD 40865 0.000000 1760682196.1385
MEM 119.839844 1760682196.2583
CHLD 40864 49.589844 1760682196.2685
CHLD 40865 0.000000 1760682196.2685
MEM 119.855469 1760682196.3839
CHLD 40864 49.605469 1760682196.4058
CHLD 40865 0.000000 1760682196.4059
MEM 119.855469 1760682196.5229
CHLD 40864 49.605469 1760682196.5408
CHLD 40865 0.000000 1760682196.5409
MEM 119.855469 1760682196.6572
CHLD 40864 49.609375 1760682196.6736
CHLD 40865 0.000000 1760682196.6736
MEM 119.871094 1760682196.7979
CHLD 40864 49.621094 1760682196.8132
CHLD 40865 0.000000 1760682196.8132
MEM 119.871094 1760682196.9259
CHLD 40864 49.621094 1760682196.9385
CHLD 40865 0.000000 1760682196.9387
MEM 119.871094 1760682197.0499
CHLD 40864 49.621094 1760682197.0712
CHLD 40865 0.000000 1760682197.0712
MEM 119.871094 1760682197.1835
CHLD 40864 49.621094 1760682197.2036
CHLD 40865 0.000000 1760682197.2037
MEM 119.871094 1760682197.3276
CHLD 40864 49.621094 1760682197.3502
CHLD 40865 0.000000 1760682197.3503
MEM 119.871094 1760682197.4719
CHLD 40864 49.621094 1760682197.4899
CHLD 40865 0.000000 1760682197.4900
MEM 119.871094 1760682197.6042
CHLD 40864 49.621094 1760682197.6150
CHLD 40865 0.000000 1760682197.6151
MEM 119.871094 1760682197.7398
CHLD 40864 49.621094 1760682197.7649
CHLD 40865 0.000000 1760682197.7650
MEM 119.871094 1760682197.8760
CHLD 40864 49.621094 1760682197.8867
CHLD 40865 0.000000 1760682197.8868
MEM 119.871094 1760682198.0031
CHLD 40864 49.621094 1760682198.0194
CHLD 40865 0.000000 1760682198.0195
MEM 119.886719 1760682198.1431
CHLD 40864 49.636719 1760682198.1557
CHLD 40865 0.000000 1760682198.1558
MEM 119.886719 1760682198.2724
CHLD 40864 49.636719 1760682198.2837
CHLD 40865 0.000000 1760682198.2837
MEM 119.886719 1760682198.4013
CHLD 40864 49.636719 1760682198.4130
CHLD 40865 0.000000 1760682198.4130
MEM 119.886719 1760682198.5357
CHLD 40864 49.636719 1760682198.5474
CHLD 40865 0.000000 1760682198.5475
MEM 119.886719 1760682198.6593
CHLD 40864 49.636719 1760682198.6720
CHLD 40865 0.000000 1760682198.6720
MEM 119.886719 1760682198.7876
CHLD 40864 49.636719 1760682198.8030
CHLD 40865 0.000000 1760682198.8031
MEM 119.886719 1760682198.9149
CHLD 40864 49.636719 1760682198.9263
CHLD 40865 0.000000 1760682198.9264
MEM 119.886719 1760682199.0398
CHLD 40864 49.636719 1760682199.0508
CHLD 40865 0.000000 1760682199.0508
MEM 119.886719 1760682199.1637
CHLD 40864 49.636719 1760682199.1755
CHLD 40865 0.000000 1760682199.1755
MEM 119.902344 1760682199.2891
CHLD 40864 49.652344 1760682199.3021
CHLD 40865 0.000000 1760682199.3022
MEM 119.902344 1760682199.4143
CHLD 40864 49.652344 1760682199.4260
CHLD 40865 0.000000 1760682199.4260
MEM 119.902344 1760682199.5377
CHLD 40864 49.652344 1760682199.5486
CHLD 40865 0.000000 1760682199.5487
MEM 119.917969 1760682199.6596
CHLD 40864 49.667969 1760682199.6702
CHLD 40865 0.000000 1760682199.6702
MEM 119.917969 1760682199.7825
CHLD 40864 49.667969 1760682199.7941
CHLD 40865 0.000000 1760682199.7942
MEM 119.917969 1760682199.9170
CHLD 40864 49.667969 1760682199.9342
CHLD 40865 0.000000 1760682199.9345
MEM 119.917969 1760682200.0560
CHLD 40864 49.667969 1760682200.0666
CHLD 40865 0.000000 1760682200.0666
MEM 119.917969 1760682200.1780
CHLD 40864 49.667969 1760682200.1891
CHLD 40865 0.000000 1760682200.1891
MEM 119.917969 1760682200.3012
CHLD 40864 49.667969 1760682200.3122
CHLD 40865 0.000000 1760682200.3123
MEM 119.917969 1760682200.4233
CHLD 40864 49.667969 1760682200.4343
CHLD 40865 0.000000 1760682200.4343
MEM 119.917969 1760682200.5468
CHLD 40864 49.667969 1760682200.5587
CHLD 40865 0.000000 1760682200.5588
MEM 119.917969 1760682200.6719
CHLD 40864 49.667969 1760682200.6841
CHLD 40865 0.000000 1760682200.6842
MEM 119.917969 1760682200.7972
CHLD 40864 49.667969 1760682200.8095
CHLD 40865 0.000000 1760682200.8095
MEM 119.917969 1760682200.9218
CHLD 40864 49.667969 1760682200.9331
CHLD 40865 0.000000 1760682200.9332
MEM 119.917969 1760682201.0456
CHLD 40864 49.667969 1760682201.0570
CHLD 40865 0.000000 1760682201.0571
MEM 119.933594 1760682201.1699
CHLD 40864 49.683594 1760682201.1810
CHLD 40865 0.000000 1760682201.1811
MEM 119.933594 1760682201.2949
CHLD 40864 49.683594 1760682201.3041
CHLD 40865 0.000000 1760682201.3041
MEM 119.933594 1760682201.4286
CHLD 40864 49.683594 1760682201.4414
CHLD 40865 0.000000 1760682201.4415
MEM 119.933594 1760682201.5547
CHLD 40864 49.683594 1760682201.5698
CHLD 40865 0.000000 1760682201.5699
MEM 119.933594 1760682201.6865
CHLD 40864 49.683594 1760682201.7012
CHLD 40865 0.000000 1760682201.7012
MEM 119.933594 1760682201.8212
CHLD 40864 49.683594 1760682201.8359
CHLD 40865 0.000000 1760682201.8359
MEM 119.933594 1760682201.9556
CHLD 40864 49.683594 1760682201.9728
CHLD 40865 0.000000 1760682201.9729
MEM 119.933594 1760682202.0856
CHLD 40864 49.683594 1760682202.0978
CHLD 40865 0.000000 1760682202.0978
MEM 119.949219 1760682202.2218
CHLD 40864 49.699219 1760682202.2329
CHLD 40865 0.000000 1760682202.2330
MEM 119.949219 1760682202.3525
CHLD 40864 49.699219 1760682202.3652
CHLD 40865 0.000000 1760682202.3653
MEM 119.949219 1760682202.4767
CHLD 40864 49.699219 1760682202.4874
CHLD 40865 0.000000 1760682202.4875
MEM 119.964844 1760682202.5995
CHLD 40864 49.714844 1760682202.6101
CHLD 40865 0.000000 1760682202.6101
MEM 119.964844 1760682202.7212
CHLD 40864 49.714844 1760682202.7309
CHLD 40865 0.000000 1760682202.7310
MEM 119.964844 1760682202.8427
CHLD 40864 49.714844 1760682202.8536
CHLD 40865 0.000000 1760682202.8537
MEM 119.964844 1760682202.9662
CHLD 40864 49.714844 1760682202.9783
CHLD 40865 0.000000 1760682202.9783
MEM 119.964844 1760682203.0969
CHLD 40864 49.714844 1760682203.1086
CHLD 40865 0.000000 1760682203.1086
MEM 119.964844 1760682203.2223
CHLD 40864 49.714844 1760682203.2345
CHLD 40865 0.000000 1760682203.2345
MEM 119.964844 1760682203.3562
CHLD 40864 49.714844 1760682203.3747
CHLD 40865 0.000000 1760682203.3748
MEM 119.964844 1760682203.4930
CHLD 40864 49.714844 1760682203.5145
CHLD 40865 0.000000 1760682203.5146
MEM 119.964844 1760682203.6264
CHLD 40864 49.714844 1760682203.6384
CHLD 40865 0.000000 1760682203.6385
MEM 119.964844 1760682203.7534
CHLD 40864 49.714844 1760682203.7658
CHLD 40865 0.000000 1760682203.7659
MEM 119.964844 1760682203.8837
CHLD 40864 49.714844 1760682203.9019
CHLD 40865 0.000000 1760682203.9019
MEM 119.980469 1760682204.0258
CHLD 40864 49.730469 1760682204.0476
CHLD 40865 0.000000 1760682204.0477
MEM 119.980469 1760682204.1601
CHLD 40864 49.730469 1760682204.1709
CHLD 40865 0.000000 1760682204.1710
MEM 119.980469 1760682204.2865
CHLD 40864 49.730469 1760682204.2996
CHLD 40865 0.000000 1760682204.2997
MEM 119.980469 1760682204.4225
CHLD 40864 49.730469 1760682204.4453
CHLD 40865 0.000000 1760682204.4454
MEM 119.980469 1760682204.5597
CHLD 40864 49.730469 1760682204.5712
CHLD 40865 0.000000 1760682204.5712
MEM 119.980469 1760682204.6888
CHLD 40864 49.730469 1760682204.6994
CHLD 40865 0.000000 1760682204.6995
MEM 119.980469 1760682204.8131
CHLD 40864 49.730469 1760682204.8261
CHLD 40865 0.000000 1760682204.8262
MEM 119.980469 1760682204.9385
CHLD 40864 49.730469 1760682204.9512
CHLD 40865 0.000000 1760682204.9513
MEM 120.000000 1760682205.0743
CHLD 40864 49.761719 1760682205.0916
CHLD 40865 0.000000 1760682205.0916
MEM 120.011719 1760682205.2106
CHLD 40864 49.761719 1760682205.2257
CHLD 40865 0.000000 1760682205.2257
MEM 120.011719 1760682205.3392
CHLD 40864 49.761719 1760682205.3522
CHLD 40865 0.000000 1760682205.3522
MEM 120.015625 1760682205.4659
CHLD 40864 49.777344 1760682205.4790
CHLD 40865 0.000000 1760682205.4791
MEM 120.027344 1760682205.5915
CHLD 40864 49.777344 1760682205.6028
CHLD 40865 0.000000 1760682205.6029
MEM 120.027344 1760682205.7270
CHLD 40864 49.777344 1760682205.7507
CHLD 40865 0.000000 1760682205.7508
MEM 120.027344 1760682205.8627
CHLD 40864 49.777344 1760682205.8740
CHLD 40865 0.000000 1760682205.8740
MEM 120.027344 1760682205.9902
CHLD 40864 49.777344 1760682206.0022
CHLD 40865 0.000000 1760682206.0023
MEM 120.027344 1760682206.1241
CHLD 40864 49.777344 1760682206.1433
CHLD 40865 0.000000 1760682206.1433
MEM 120.027344 1760682206.2556
CHLD 40864 49.777344 1760682206.2672
CHLD 40865 0.000000 1760682206.2672
MEM 120.027344 1760682206.3785
CHLD 40864 49.777344 1760682206.3892
CHLD 40865 0.000000 1760682206.3892
MEM 120.027344 1760682206.5160
CHLD 40864 49.777344 1760682206.5406
CHLD 40865 0.000000 1760682206.5406
MEM 120.027344 1760682206.6562
CHLD 40864 49.777344 1760682206.6686
CHLD 40865 0.000000 1760682206.6687
MEM 120.027344 1760682206.7865
CHLD 40864 49.777344 1760682206.8012
CHLD 40865 0.000000 1760682206.8013
MEM 120.042969 1760682206.9273
CHLD 40864 49.792969 1760682206.9510
CHLD 40865 0.000000 1760682206.9510
MEM 120.042969 1760682207.0624
CHLD 40864 49.792969 1760682207.0734
CHLD 40865 0.000000 1760682207.0735
MEM 120.042969 1760682207.1944
CHLD 40864 49.792969 1760682207.2160
CHLD 40865 0.000000 1760682207.2161
MEM 120.042969 1760682207.3395
CHLD 40864 49.792969 1760682207.3617
CHLD 40865 0.000000 1760682207.3618
MEM 120.042969 1760682207.4843
CHLD 40864 49.792969 1760682207.5083
CHLD 40865 0.000000 1760682207.5084
MEM 120.042969 1760682207.6340
CHLD 40864 49.792969 1760682207.6547
CHLD 40865 0.000000 1760682207.6548
MEM 120.042969 1760682207.7700
CHLD 40864 49.792969 1760682207.7805
CHLD 40865 0.000000 1760682207.7805
MEM 120.042969 1760682207.8992
CHLD 40864 49.792969 1760682207.9133
CHLD 40865 0.000000 1760682207.9133
MEM 120.058594 1760682208.0363
CHLD 40864 49.808594 1760682208.0536
CHLD 40865 0.000000 1760682208.0537
MEM 120.058594 1760682208.1750
CHLD 40864 49.808594 1760682208.1968
CHLD 40865 0.000000 1760682208.1969
MEM 120.058594 1760682208.3218
CHLD 40864 49.824219 1760682208.3429
CHLD 40865 0.000000 1760682208.3430
MEM 120.074219 1760682208.4642
CHLD 40864 49.824219 1760682208.4840
CHLD 40865 0.000000 1760682208.4840
MEM 120.074219 1760682208.6069
CHLD 40864 49.824219 1760682208.6326
CHLD 40865 0.000000 1760682208.6326
MEM 120.074219 1760682208.7456
CHLD 40864 49.824219 1760682208.7581
CHLD 40865 0.000000 1760682208.7582
MEM 120.074219 1760682208.8817
CHLD 40864 49.824219 1760682208.9048
CHLD 40865 0.000000 1760682208.9049
MEM 120.074219 1760682209.0260
CHLD 40864 49.824219 1760682209.0372
CHLD 40865 0.000000 1760682209.0372
MEM 120.074219 1760682209.1484
CHLD 40864 49.824219 1760682209.1588
CHLD 40865 0.000000 1760682209.1589
MEM 120.074219 1760682209.2816
CHLD 40864 49.824219 1760682209.3019
CHLD 40865 0.000000 1760682209.3019
MEM 120.074219 1760682209.4240
CHLD 40864 49.824219 1760682209.4477
CHLD 40865 0.000000 1760682209.4478
MEM 120.074219 1760682209.5710
CHLD 40864 49.824219 1760682209.5921
CHLD 40865 0.000000 1760682209.5922
MEM 120.074219 1760682209.7037
CHLD 40864 49.824219 1760682209.7144
CHLD 40865 0.000000 1760682209.7145
MEM 120.089844 1760682209.8366
CHLD 40864 49.839844 1760682209.8597
CHLD 40865 0.000000 1760682209.8598
MEM 120.089844 1760682209.9854
CHLD 40864 49.839844 1760682210.0068
CHLD 40865 0.000000 1760682210.0068
MEM 120.089844 1760682210.1205
CHLD 40864 49.839844 1760682210.1330
CHLD 40865 0.000000 1760682210.1330
MEM 120.089844 1760682210.2582
CHLD 40864 49.839844 1760682210.2801
CHLD 40865 0.000000 1760682210.2802
MEM 120.089844 1760682210.4044
CHLD 40864 49.839844 1760682210.4241
CHLD 40865 0.000000 1760682210.4242
MEM 120.089844 1760682210.5361
CHLD 40864 49.839844 1760682210.5476
CHLD 40865 0.000000 1760682210.5476
MEM 120.089844 1760682210.6604
CHLD 40864 49.839844 1760682210.6718
CHLD 40865 0.000000 1760682210.6718
MEM 120.089844 1760682210.7847
CHLD 40864 49.839844 1760682210.7967
CHLD 40865 0.000000 1760682210.7967
MEM 120.113281 1760682210.9096
CHLD 40864 49.863281 1760682210.9219
CHLD 40865 0.000000 1760682210.9220
MEM 120.113281 1760682211.0346
CHLD 40864 49.863281 1760682211.0462
CHLD 40865 0.000000 1760682211.0463
MEM 120.128906 1760682211.1699
CHLD 40864 49.878906 1760682211.1919
CHLD 40865 0.000000 1760682211.1920
MEM 120.128906 1760682211.3152
CHLD 40864 49.878906 1760682211.3377
CHLD 40865 0.000000 1760682211.3378
MEM 120.128906 1760682211.4621
CHLD 40864 49.878906 1760682211.4854
CHLD 40865 0.000000 1760682211.4854
MEM 120.128906 1760682211.6009
CHLD 40864 49.878906 1760682211.6147
CHLD 40865 0.000000 1760682211.6148
MEM 120.128906 1760682211.7323
CHLD 40864 49.878906 1760682211.7448
CHLD 40865 0.000000 1760682211.7449
MEM 120.128906 1760682211.8655
CHLD 40864 49.878906 1760682211.8801
CHLD 40865 0.000000 1760682211.8802
MEM 120.128906 1760682212.0060
CHLD 40864 49.878906 1760682212.0253
CHLD 40865 0.000000 1760682212.0254
MEM 120.128906 1760682212.1502
CHLD 40864 49.878906 1760682212.1711
CHLD 40865 0.000000 1760682212.1711
MEM 120.128906 1760682212.2873
CHLD 40864 49.878906 1760682212.3000
CHLD 40865 0.000000 1760682212.3001
MEM 120.128906 1760682212.4233
CHLD 40864 49.878906 1760682212.4400
CHLD 40865 0.000000 1760682212.4401
MEM 120.128906 1760682212.5561
CHLD 40864 49.878906 1760682212.5729
CHLD 40865 0.000000 1760682212.5730
MEM 120.132812 1760682212.6838
CHLD 40864 49.894531 1760682212.6948
CHLD 40865 0.000000 1760682212.6948
MEM 120.144531 1760682212.8065
CHLD 40864 49.894531 1760682212.8172
CHLD 40865 0.000000 1760682212.8172
MEM 120.144531 1760682212.9330
CHLD 40864 49.894531 1760682212.9457
CHLD 40865 0.000000 1760682212.9457
MEM 120.144531 1760682213.0590
CHLD 40864 49.894531 1760682213.0704
CHLD 40865 0.000000 1760682213.0705
MEM 120.144531 1760682213.1836
CHLD 40864 49.894531 1760682213.1964
CHLD 40865 0.000000 1760682213.1965
MEM 120.144531 1760682213.3080
CHLD 40864 49.894531 1760682213.3192
CHLD 40865 0.000000 1760682213.3192
MEM 120.144531 1760682213.4357
CHLD 40864 49.894531 1760682213.4476
CHLD 40865 0.000000 1760682213.4476
MEM 120.144531 1760682213.5639
CHLD 40864 49.894531 1760682213.5769
CHLD 40865 0.000000 1760682213.5769
MEM 120.144531 1760682213.6986
CHLD 40864 49.894531 1760682213.7098
CHLD 40865 0.000000 1760682213.7098
MEM 120.160156 1760682213.8231
CHLD 40864 49.910156 1760682213.8354
CHLD 40865 0.000000 1760682213.8354
MEM 120.160156 1760682213.9476
CHLD 40864 49.910156 1760682213.9583
CHLD 40865 0.000000 1760682213.9583
MEM 120.160156 1760682214.0710
CHLD 40864 49.917969 1760682214.0820
CHLD 40865 0.000000 1760682214.0820
MEM 120.175781 1760682214.2019
CHLD 40864 49.925781 1760682214.2134
CHLD 40865 0.000000 1760682214.2135
MEM 120.175781 1760682214.3320
CHLD 40864 49.925781 1760682214.3502
CHLD 40865 0.000000 1760682214.3502
MEM 120.175781 1760682214.4657
CHLD 40864 49.925781 1760682214.4765
CHLD 40865 0.000000 1760682214.4765
MEM 120.175781 1760682214.5902
CHLD 40864 49.925781 1760682214.6017
CHLD 40865 0.000000 1760682214.6018
MEM 120.175781 1760682214.7236
CHLD 40864 49.925781 1760682214.7384
CHLD 40865 0.000000 1760682214.7384
MEM 120.175781 1760682214.8541
CHLD 40864 49.925781 1760682214.8683
CHLD 40865 0.000000 1760682214.8683
MEM 120.175781 1760682214.9915
CHLD 40864 49.925781 1760682215.0032
CHLD 40865 0.000000 1760682215.0032
MEM 120.175781 1760682215.1289
CHLD 40864 49.925781 1760682215.1516
CHLD 40865 0.000000 1760682215.1517
MEM 120.175781 1760682215.2634
CHLD 40864 49.925781 1760682215.2735
CHLD 40865 0.000000 1760682215.2736
MEM 120.175781 1760682215.3969
CHLD 40864 49.925781 1760682215.4207
CHLD 40865 0.000000 1760682215.4207
MEM 120.191406 1760682215.5435
CHLD 40864 49.941406 1760682215.5657
CHLD 40865 0.000000 1760682215.5658
MEM 120.191406 1760682215.6892
CHLD 40864 49.941406 1760682215.7120
CHLD 40865 0.000000 1760682215.7121
MEM 120.191406 1760682215.8334
CHLD 40864 49.941406 1760682215.8570
CHLD 40865 0.000000 1760682215.8571
MEM 120.191406 1760682215.9814
CHLD 40864 49.941406 1760682216.0042
CHLD 40865 0.000000 1760682216.0043
MEM 120.191406 1760682216.1171
CHLD 40864 49.941406 1760682216.1297
CHLD 40865 0.000000 1760682216.1298
MEM 120.191406 1760682216.2524
CHLD 40864 49.941406 1760682216.2756
CHLD 40865 0.000000 1760682216.2758
MEM 120.191406 1760682216.3990
CHLD 40864 49.941406 1760682216.4215
CHLD 40865 0.000000 1760682216.4216
MEM 120.191406 1760682216.5379
CHLD 40864 49.941406 1760682216.5551
CHLD 40865 0.000000 1760682216.5551
MEM 120.207031 1760682216.6696
CHLD 40864 49.957031 1760682216.6820
CHLD 40865 0.000000 1760682216.6821
MEM 120.207031 1760682216.7954
CHLD 40864 49.957031 1760682216.8078
CHLD 40865 0.000000 1760682216.8078
MEM 120.207031 1760682216.9356
CHLD 40864 49.957031 1760682216.9499
CHLD 40865 0.000000 1760682216.9499
MEM 120.222656 1760682217.0743
CHLD 40864 49.972656 1760682217.0975
CHLD 40865 0.000000 1760682217.0976
MEM 120.222656 1760682217.2103
CHLD 40864 49.972656 1760682217.2220
CHLD 40865 0.000000 1760682217.2221
MEM 120.222656 1760682217.3455
CHLD 40864 49.972656 1760682217.3681
CHLD 40865 0.000000 1760682217.3682
MEM 120.230469 1760682217.4891
CHLD 40864 49.980469 1760682217.5088
CHLD 40865 0.000000 1760682217.5089
MEM 120.230469 1760682217.6323
CHLD 40864 49.980469 1760682217.6571
CHLD 40865 0.000000 1760682217.6572
MEM 120.230469 1760682217.7703
CHLD 40864 49.980469 1760682217.7810
CHLD 40865 0.000000 1760682217.7811
MEM 120.230469 1760682217.9040
CHLD 40864 49.980469 1760682217.9286
CHLD 40865 0.000000 1760682217.9287
MEM 120.230469 1760682218.0440
CHLD 40864 49.980469 1760682218.0549
CHLD 40865 0.000000 1760682218.0550
MEM 120.230469 1760682218.1773
CHLD 40864 49.980469 1760682218.2019
CHLD 40865 0.000000 1760682218.2020
MEM 120.230469 1760682218.3230
CHLD 40864 49.980469 1760682218.3447
CHLD 40865 0.000000 1760682218.3448
MEM 120.246094 1760682218.4676
CHLD 40864 49.996094 1760682218.4886
CHLD 40865 0.000000 1760682218.4887
MEM 120.246094 1760682218.6116
CHLD 40864 49.996094 1760682218.6349
CHLD 40865 0.000000 1760682218.6350
MEM 120.246094 1760682218.7598
CHLD 40864 49.996094 1760682218.7843
CHLD 40865 0.000000 1760682218.7845
MEM 120.246094 1760682218.8988
CHLD 40864 49.996094 1760682218.9096
CHLD 40865 0.000000 1760682218.9097
MEM 120.246094 1760682219.0224
CHLD 40864 49.996094 1760682219.0366
CHLD 40865 0.000000 1760682219.0367
MEM 120.246094 1760682219.1507
CHLD 40864 49.996094 1760682219.1616
CHLD 40865 0.000000 1760682219.1616
MEM 120.246094 1760682219.2882
CHLD 40864 49.996094 1760682219.3123
CHLD 40865 0.000000 1760682219.3124
MEM 120.246094 1760682219.4353
CHLD 40864 49.996094 1760682219.4579
CHLD 40865 0.000000 1760682219.4580
MEM 120.261719 1760682219.5823
CHLD 40864 50.011719 1760682219.5941
CHLD 40865 0.000000 1760682219.5941
MEM 120.261719 1760682219.7157
CHLD 40864 50.011719 1760682219.7365
CHLD 40865 0.000000 1760682219.7366
MEM 120.269531 1760682219.8608
CHLD 40864 50.027344 1760682219.8828
CHLD 40865 0.000000 1760682219.8829
MEM 120.277344 1760682220.0073
CHLD 40864 50.027344 1760682220.0320
CHLD 40865 0.000000 1760682220.0321
MEM 120.277344 1760682220.1457
CHLD 40864 50.027344 1760682220.1576
CHLD 40865 0.000000 1760682220.1577
MEM 120.277344 1760682220.2806
CHLD 40864 50.027344 1760682220.2928
CHLD 40865 0.000000 1760682220.2929
MEM 120.277344 1760682220.4171
CHLD 40864 50.027344 1760682220.4277
CHLD 40865 0.000000 1760682220.4278
MEM 120.277344 1760682220.5402
CHLD 40864 50.027344 1760682220.5531
CHLD 40865 0.000000 1760682220.5532
MEM 120.277344 1760682220.6772
CHLD 40864 50.027344 1760682220.6897
CHLD 40865 0.000000 1760682220.6898
MEM 120.277344 1760682220.8035
CHLD 40864 50.027344 1760682220.8151
CHLD 40865 0.000000 1760682220.8152
MEM 120.277344 1760682220.9336
CHLD 40864 50.027344 1760682220.9453
CHLD 40865 0.000000 1760682220.9454
MEM 120.277344 1760682221.0607
CHLD 40864 50.027344 1760682221.0722
CHLD 40865 0.000000 1760682221.0723
MEM 120.277344 1760682221.1851
CHLD 40864 50.027344 1760682221.1970
CHLD 40865 0.000000 1760682221.1970
MEM 120.281250 1760682221.3082
CHLD 40864 50.031250 1760682221.3195
CHLD 40865 0.000000 1760682221.3195
MEM 120.281250 1760682221.4319
CHLD 40864 50.031250 1760682221.4433
CHLD 40865 0.000000 1760682221.4434
MEM 120.281250 1760682221.5709
CHLD 40864 50.031250 1760682221.5919
CHLD 40865 0.000000 1760682221.5920
MEM 120.281250 1760682221.7070
CHLD 40864 50.031250 1760682221.7205
CHLD 40865 0.000000 1760682221.7206
MEM 120.281250 1760682221.8461
CHLD 40864 50.031250 1760682221.8706
CHLD 40865 0.000000 1760682221.8706
MEM 120.281250 1760682221.9850
CHLD 40864 50.031250 1760682221.9976
CHLD 40865 0.000000 1760682221.9977
MEM 120.281250 1760682222.1215
CHLD 40864 50.031250 1760682222.1436
CHLD 40865 0.000000 1760682222.1437
MEM 120.281250 1760682222.2579
CHLD 40864 50.031250 1760682222.2695
CHLD 40865 0.000000 1760682222.2696
MEM 120.285156 1760682222.3815
CHLD 40864 50.035156 1760682222.3935
CHLD 40865 0.000000 1760682222.3935
MEM 120.292969 1760682222.5047
CHLD 40864 50.042969 1760682222.5157
CHLD 40865 0.000000 1760682222.5157
MEM 120.292969 1760682222.6274
CHLD 40864 50.042969 1760682222.6385
CHLD 40865 0.000000 1760682222.6385
MEM 120.292969 1760682222.7493
CHLD 40864 50.042969 1760682222.7598
CHLD 40865 0.000000 1760682222.7598
MEM 120.316406 1760682222.8766
CHLD 40864 50.066406 1760682222.8878
CHLD 40865 0.000000 1760682222.8878
MEM 120.316406 1760682223.0119
CHLD 40864 50.066406 1760682223.0335
CHLD 40865 0.000000 1760682223.0335
MEM 120.316406 1760682223.1575
CHLD 40864 50.066406 1760682223.1804
CHLD 40865 0.000000 1760682223.1805
MEM 120.316406 1760682223.2920
CHLD 40864 50.066406 1760682223.3033
CHLD 40865 0.000000 1760682223.3034
MEM 120.316406 1760682223.4295
CHLD 40864 50.066406 1760682223.4524
CHLD 40865 0.000000 1760682223.4525
MEM 120.316406 1760682223.5638
CHLD 40864 50.066406 1760682223.5747
CHLD 40865 0.000000 1760682223.5748
MEM 120.324219 1760682223.6990
CHLD 40864 50.074219 1760682223.7229
CHLD 40865 0.000000 1760682223.7230
MEM 120.324219 1760682223.8358
CHLD 40864 50.074219 1760682223.8479
CHLD 40865 0.000000 1760682223.8480
MEM 120.324219 1760682223.9596
CHLD 40864 50.074219 1760682223.9708
CHLD 40865 0.000000 1760682223.9709
MEM 120.324219 1760682224.0947
CHLD 40864 50.074219 1760682224.1174
CHLD 40865 0.000000 1760682224.1175
MEM 120.339844 1760682224.2393
CHLD 40864 50.089844 1760682224.2619
CHLD 40865 0.000000 1760682224.2620
MEM 120.339844 1760682224.3826
CHLD 40864 50.089844 1760682224.4064
CHLD 40865 0.000000 1760682224.4065
MEM 120.339844 1760682224.5248
CHLD 40864 50.089844 1760682224.5362
CHLD 40865 0.000000 1760682224.5362
MEM 120.339844 1760682224.6479
CHLD 40864 50.089844 1760682224.6587
CHLD 40865 0.000000 1760682224.6588
MEM 120.343750 1760682224.7712
CHLD 40864 50.093750 1760682224.7827
CHLD 40865 0.000000 1760682224.7827
MEM 120.343750 1760682224.8966
CHLD 40864 50.093750 1760682224.9095
CHLD 40865 0.000000 1760682224.9095
MEM 120.343750 1760682225.0216
CHLD 40864 50.093750 1760682225.0330
CHLD 40865 0.000000 1760682225.0330
MEM 120.343750 1760682225.1455
CHLD 40864 50.093750 1760682225.1567
CHLD 40865 0.000000 1760682225.1568
MEM 120.359375 1760682225.2809
CHLD 40864 50.109375 1760682225.3064
CHLD 40865 0.000000 1760682225.3065
MEM 120.359375 1760682225.4205
CHLD 40864 50.109375 1760682225.4312
CHLD 40865 0.000000 1760682225.4312
MEM 120.359375 1760682225.5439
CHLD 40864 50.109375 1760682225.5548
CHLD 40865 0.000000 1760682225.5549
MEM 120.375000 1760682225.6666
CHLD 40864 50.125000 1760682225.6773
CHLD 40865 0.000000 1760682225.6774
MEM 120.375000 1760682225.7885
CHLD 40864 50.125000 1760682225.7994
CHLD 40865 0.000000 1760682225.7995
MEM 120.375000 1760682225.9118
CHLD 40864 50.125000 1760682225.9237
CHLD 40865 0.000000 1760682225.9238
MEM 120.375000 1760682226.0364
CHLD 40864 50.125000 1760682226.0481
CHLD 40865 0.000000 1760682226.0482
MEM 120.375000 1760682226.1618
CHLD 40864 50.125000 1760682226.1769
CHLD 40865 0.000000 1760682226.1770
MEM 120.375000 1760682226.2891
CHLD 40864 50.125000 1760682226.3010
CHLD 40865 0.000000 1760682226.3011
MEM 120.375000 1760682226.4149
CHLD 40864 50.125000 1760682226.4329
CHLD 40865 0.000000 1760682226.4329
MEM 120.375000 1760682226.5574
CHLD 40864 50.125000 1760682226.5823
CHLD 40865 0.000000 1760682226.5824
MEM 120.375000 1760682226.6969
CHLD 40864 50.125000 1760682226.7102
CHLD 40865 0.000000 1760682226.7103
MEM 120.375000 1760682226.8327
CHLD 40864 50.125000 1760682226.8477
CHLD 40865 0.000000 1760682226.8478
MEM 120.375000 1760682226.9608
CHLD 40864 50.125000 1760682226.9729
CHLD 40865 0.000000 1760682226.9730
MEM 120.375000 1760682227.0854
CHLD 40864 50.125000 1760682227.0970
CHLD 40865 0.000000 1760682227.0970
MEM 120.390625 1760682227.2120
CHLD 40864 50.140625 1760682227.2321
CHLD 40865 0.000000 1760682227.2322
MEM 120.390625 1760682227.3539
CHLD 40864 50.140625 1760682227.3741
CHLD 40865 0.000000 1760682227.3742
MEM 120.390625 1760682227.4863
CHLD 40864 50.140625 1760682227.4977
CHLD 40865 0.000000 1760682227.4978
MEM 120.390625 1760682227.6112
CHLD 40864 50.140625 1760682227.6224
CHLD 40865 0.000000 1760682227.6224
MEM 120.390625 1760682227.7348
CHLD 40864 50.140625 1760682227.7462
CHLD 40865 0.000000 1760682227.7463
MEM 120.390625 1760682227.8589
CHLD 40864 50.140625 1760682227.8711
CHLD 40865 0.000000 1760682227.8711
MEM 120.390625 1760682227.9837
CHLD 40864 50.140625 1760682227.9957
CHLD 40865 0.000000 1760682227.9958
MEM 120.390625 1760682228.1077
CHLD 40864 50.140625 1760682228.1191
CHLD 40865 0.000000 1760682228.1192
MEM 120.406250 1760682228.2321
CHLD 40864 50.156250 1760682228.2436
CHLD 40865 0.000000 1760682228.2437
MEM 120.406250 1760682228.3636
CHLD 40864 50.156250 1760682228.3751
CHLD 40865 0.000000 1760682228.3751
MEM 120.406250 1760682228.4885
CHLD 40864 50.156250 1760682228.4996
CHLD 40865 0.000000 1760682228.4997
MEM 120.421875 1760682228.6107
CHLD 40864 50.171875 1760682228.6216
CHLD 40865 0.000000 1760682228.6216
MEM 120.421875 1760682228.7374
CHLD 40864 50.171875 1760682228.7496
CHLD 40865 0.000000 1760682228.7497
MEM 120.421875 1760682228.8624
CHLD 40864 50.171875 1760682228.8748
CHLD 40865 0.000000 1760682228.8749
MEM 120.421875 1760682228.9984
CHLD 40864 50.171875 1760682229.0204
CHLD 40865 0.000000 1760682229.0205
MEM 120.421875 1760682229.1450
CHLD 40864 50.171875 1760682229.1682
CHLD 40865 0.000000 1760682229.1683
MEM 120.421875 1760682229.2813
CHLD 40864 50.171875 1760682229.2927
CHLD 40865 0.000000 1760682229.2927
MEM 120.421875 1760682229.4155
CHLD 40864 50.171875 1760682229.4384
CHLD 40865 0.000000 1760682229.4385
MEM 120.421875 1760682229.5507
CHLD 40864 50.171875 1760682229.5611
CHLD 40865 0.000000 1760682229.5612
MEM 120.421875 1760682229.6734
CHLD 40864 50.171875 1760682229.6853
CHLD 40865 0.000000 1760682229.6854
MEM 120.421875 1760682229.7973
CHLD 40864 50.171875 1760682229.8073
CHLD 40865 0.000000 1760682229.8073
MEM 120.421875 1760682229.9306
CHLD 40864 50.171875 1760682229.9484
CHLD 40865 0.000000 1760682229.9484
MEM 120.437500 1760682230.0689
CHLD 40864 50.187500 1760682230.0914
CHLD 40865 0.000000 1760682230.0915
MEM 120.437500 1760682230.2169
CHLD 40864 50.187500 1760682230.2407
CHLD 40865 0.000000 1760682230.2407
MEM 120.437500 1760682230.3540
CHLD 40864 50.187500 1760682230.3661
CHLD 40865 0.000000 1760682230.3662
MEM 120.437500 1760682230.4791
CHLD 40864 50.187500 1760682230.4912
CHLD 40865 0.000000 1760682230.4912
MEM 120.437500 1760682230.6037
CHLD 40864 50.187500 1760682230.6153
CHLD 40865 0.000000 1760682230.6153
MEM 120.437500 1760682230.7281
CHLD 40864 50.187500 1760682230.7399
CHLD 40865 0.000000 1760682230.7400
MEM 120.437500 1760682230.8527
CHLD 40864 50.187500 1760682230.8655
CHLD 40865 0.000000 1760682230.8655
MEM 120.437500 1760682230.9794
CHLD 40864 50.187500 1760682230.9923
CHLD 40865 0.000000 1760682230.9923
MEM 120.453125 1760682231.1202
CHLD 40864 50.203125 1760682231.1384
CHLD 40865 0.000000 1760682231.1385
MEM 120.453125 1760682231.2641
CHLD 40864 50.203125 1760682231.2778
CHLD 40865 0.000000 1760682231.2779
MEM 120.453125 1760682231.3917
CHLD 40864 50.203125 1760682231.4034
CHLD 40865 0.000000 1760682231.4035
MEM 70.250000 1760682231.5184
MEM 70.277344 1760682231.6487
MEM 70.277344 1760682231.7783
MEM 70.281250 1760682231.9068
